    0.0 1.274E-03
    1.0 1.141E-03
    2.0 1.028E-03
    3.0 9.291E-04
    4.0 8.394E-04
    5.0 7.566E-04
    6.0 6.791E-04
    7.0 6.060E-04
    8.0 5.370E-04
    9.0 4.723E-04
   10.0 4.119E-04
   11.0 3.565E-04
   12.0 3.067E-04
   13.0 2.629E-04
   14.0 2.250E-04
   15.0 1.925E-04
   16.0 1.650E-04
   17.0 1.414E-04
   18.0 1.213E-04
   19.0 1.039E-04
   20.0 8.886E-05
   21.0 7.590E-05
   22.0 6.472E-05
   23.0 5.510E-05
   24.0 4.684E-05
   25.0 3.977E-05
   26.0 3.373E-05
   27.0 2.857E-05
   28.0 2.419E-05
   29.0 2.046E-05
   30.0 1.729E-05
   31.0 1.461E-05
   32.0 1.234E-05
   33.0 1.043E-05
   34.0 8.814E-06
   35.0 7.458E-06
   36.0 6.320E-06
   37.0 5.366E-06
   38.0 4.565E-06
   39.0 3.894E-06
   40.0 3.330E-06
   41.0 2.856E-06
   42.0 2.458E-06
   43.0 2.122E-06
   44.0 1.838E-06
   45.0 1.598E-06
   46.0 1.395E-06
   47.0 1.221E-06
   48.0 1.071E-06
   49.0 9.416E-07
   50.0 8.290E-07
   51.0 7.305E-07
   52.0 6.441E-07
   53.0 5.679E-07
   54.0 5.005E-07
   55.0 4.409E-07
   56.0 3.880E-07
   57.0 3.411E-07
   58.0 2.996E-07
   59.0 2.629E-07
   60.0 2.305E-07
   61.0 2.018E-07
   62.0 1.766E-07
   63.0 1.543E-07
   64.0 1.347E-07
   65.0 1.175E-07
   66.0 1.024E-07
   67.0 8.916E-08
   68.0 7.755E-08
   69.0 6.738E-08
   70.0 5.850E-08
   71.0 5.073E-08
   72.0 4.396E-08
   73.0 3.812E-08
   74.0 3.297E-08
   75.0 2.848E-08
   76.0 2.459E-08
   77.0 2.121E-08
   78.0 1.829E-08
   79.0 1.576E-08
   80.0 1.358E-08
   81.0 1.169E-08
   82.0 1.006E-08
   83.0 8.660E-09
   84.0 7.450E-09
   85.0 6.406E-09
   86.0 5.507E-09
   87.0 4.732E-09
   88.0 4.065E-09
   89.0 3.490E-09
   90.0 2.994E-09
   91.0 2.567E-09
   92.0 2.197E-09
   93.0 1.876E-09
   94.0 1.598E-09
   95.0 1.357E-09
   96.0 1.149E-09
   97.0 9.685E-10
   98.0 8.138E-10
   99.0 6.813E-10
  100.0 5.684E-10
  101.0 4.726E-10
  102.0 3.921E-10
  103.0 3.249E-10
  104.0 2.691E-10
  105.0 2.230E-10
  106.0 1.850E-10
  107.0 1.538E-10
  108.0 1.281E-10
  109.0 1.070E-10
  110.0 8.972E-11
  111.0 7.550E-11
  112.0 6.378E-11
  113.0 5.410E-11
  114.0 4.608E-11
  115.0 3.942E-11
  116.0 3.387E-11
  117.0 2.923E-11
  118.0 2.535E-11
  119.0 2.209E-11
  120.0 1.935E-11
  121.0 1.704E-11
  122.0 1.510E-11
  123.0 1.346E-11
  124.0 1.211E-11
  125.0 1.093E-11
  126.0 9.903E-12
  127.0 9.005E-12
  128.0 8.217E-12
  129.0 7.521E-12
  130.0 6.904E-12
  131.0 6.355E-12
  132.0 5.864E-12
  133.0 5.423E-12
  134.0 5.027E-12
  135.0 4.669E-12
  136.0 4.345E-12
  137.0 4.051E-12
  138.0 3.783E-12
  139.0 3.538E-12
  140.0 3.314E-12
  141.0 3.109E-12
  142.0 2.920E-12
  143.0 2.746E-12
  144.0 2.586E-12
  145.0 2.437E-12
  146.0 2.300E-12
  147.0 2.173E-12
  148.0 2.054E-12
  149.0 1.944E-12
  150.0 1.842E-12
  151.0 1.746E-12
  152.0 1.656E-12
  153.0 1.573E-12
  154.0 1.495E-12
  155.0 1.421E-12
  156.0 1.352E-12
  157.0 1.288E-12
  158.0 1.227E-12
  159.0 1.169E-12
  160.0 1.115E-12
  161.0 1.064E-12
  162.0 1.016E-12
  163.0 9.706E-13
  164.0 9.277E-13
  165.0 8.871E-13
  166.0 8.487E-13
  167.0 8.123E-13
  168.0 7.778E-13
  169.0 7.451E-13
  170.0 7.140E-13
  171.0 6.844E-13
  172.0 6.564E-13
  173.0 6.297E-13
  174.0 6.043E-13
  175.0 5.801E-13
  176.0 5.571E-13
  177.0 5.351E-13
  178.0 5.142E-13
  179.0 4.942E-13
  180.0 4.752E-13
  181.0 4.570E-13
  182.0 4.396E-13
  183.0 4.230E-13
  184.0 4.071E-13
  185.0 3.920E-13
  186.0 3.774E-13
  187.0 3.635E-13
  188.0 3.502E-13
  189.0 3.375E-13
  190.0 3.253E-13
  191.0 3.136E-13
  192.0 3.024E-13
  193.0 2.917E-13
  194.0 2.814E-13
  195.0 2.715E-13
  196.0 2.620E-13
  197.0 2.529E-13
  198.0 2.441E-13
  199.0 2.357E-13
  200.0 2.276E-13
  201.0 2.199E-13
  202.0 2.124E-13
  203.0 2.053E-13
  204.0 1.984E-13
  205.0 1.917E-13
  206.0 1.854E-13
  207.0 1.792E-13
  208.0 1.733E-13
  209.0 1.676E-13
  210.0 1.621E-13
  211.0 1.569E-13
  212.0 1.518E-13
  213.0 1.469E-13
  214.0 1.422E-13
  215.0 1.376E-13
  216.0 1.332E-13
  217.0 1.290E-13
  218.0 1.249E-13
  219.0 1.210E-13
  220.0 1.172E-13
  221.0 1.135E-13
  222.0 1.100E-13
  223.0 1.066E-13
  224.0 1.033E-13
  225.0 1.001E-13
  226.0 9.707E-14
  227.0 9.411E-14
  228.0 9.125E-14
  229.0 8.849E-14
  230.0 8.582E-14
  231.0 8.324E-14
  232.0 8.074E-14
  233.0 7.833E-14
  234.0 7.600E-14
  235.0 7.375E-14
  236.0 7.157E-14
  237.0 6.946E-14
  238.0 6.742E-14
  239.0 6.545E-14
  240.0 6.354E-14
  241.0 6.170E-14
  242.0 5.991E-14
  243.0 5.818E-14
  244.0 5.651E-14
  245.0 5.489E-14
  246.0 5.332E-14
  247.0 5.180E-14
  248.0 5.033E-14
  249.0 4.890E-14
  250.0 4.752E-14
  251.0 4.618E-14
  252.0 4.489E-14
  253.0 4.363E-14
  254.0 4.242E-14
  255.0 4.124E-14
  256.0 4.009E-14
  257.0 3.899E-14
  258.0 3.791E-14
  259.0 3.687E-14
  260.0 3.586E-14
  261.0 3.488E-14
  262.0 3.393E-14
  263.0 3.301E-14
  264.0 3.211E-14
  265.0 3.125E-14
  266.0 3.040E-14
  267.0 2.959E-14
  268.0 2.879E-14
  269.0 2.802E-14
  270.0 2.728E-14
  271.0 2.655E-14
  272.0 2.585E-14
  273.0 2.517E-14
  274.0 2.450E-14
  275.0 2.386E-14
  276.0 2.323E-14
  277.0 2.262E-14
  278.0 2.203E-14
  279.0 2.146E-14
  280.0 2.090E-14
  281.0 2.036E-14
  282.0 1.983E-14
  283.0 1.932E-14
  284.0 1.882E-14
  285.0 1.834E-14
  286.0 1.787E-14
  287.0 1.741E-14
  288.0 1.697E-14
  289.0 1.654E-14
  290.0 1.612E-14
  291.0 1.571E-14
  292.0 1.531E-14
  293.0 1.493E-14
  294.0 1.455E-14
  295.0 1.419E-14
  296.0 1.383E-14
  297.0 1.349E-14
  298.0 1.315E-14
  299.0 1.282E-14
  300.0 1.250E-14
  301.0 1.219E-14
  302.0 1.189E-14
  303.0 1.160E-14
  304.0 1.131E-14
  305.0 1.104E-14
  306.0 1.077E-14
  307.0 1.050E-14
  308.0 1.025E-14
  309.0 9.996E-15
  310.0 9.752E-15
  311.0 9.515E-15
  312.0 9.285E-15
  313.0 9.060E-15
  314.0 8.841E-15
  315.0 8.628E-15
  316.0 8.421E-15
  317.0 8.218E-15
  318.0 8.021E-15
  319.0 7.829E-15
  320.0 7.642E-15
  321.0 7.460E-15
  322.0 7.282E-15
  323.0 7.109E-15
  324.0 6.941E-15
  325.0 6.776E-15
  326.0 6.616E-15
  327.0 6.460E-15
  328.0 6.308E-15
  329.0 6.159E-15
  330.0 6.015E-15
  331.0 5.874E-15
  332.0 5.736E-15
  333.0 5.602E-15
  334.0 5.471E-15
  335.0 5.344E-15
  336.0 5.220E-15
  337.0 5.099E-15
  338.0 4.980E-15
  339.0 4.865E-15
  340.0 4.753E-15
  341.0 4.643E-15
  342.0 4.536E-15
  343.0 4.431E-15
  344.0 4.330E-15
  345.0 4.230E-15
  346.0 4.133E-15
  347.0 4.039E-15
  348.0 3.947E-15
  349.0 3.857E-15
  350.0 3.769E-15
  351.0 3.683E-15
  352.0 3.599E-15
  353.0 3.518E-15
  354.0 3.438E-15
  355.0 3.360E-15
  356.0 3.285E-15
  357.0 3.211E-15
  358.0 3.138E-15
  359.0 3.068E-15
  360.0 2.999E-15
  361.0 2.932E-15
  362.0 2.866E-15
  363.0 2.802E-15
  364.0 2.739E-15
  365.0 2.678E-15
  366.0 2.618E-15
  367.0 2.560E-15
  368.0 2.503E-15
  369.0 2.448E-15
  370.0 2.394E-15
  371.0 2.341E-15
  372.0 2.289E-15
  373.0 2.238E-15
  374.0 2.189E-15
  375.0 2.141E-15
  376.0 2.094E-15
  377.0 2.048E-15
  378.0 2.003E-15
  379.0 1.959E-15
  380.0 1.916E-15
  381.0 1.874E-15
  382.0 1.834E-15
  383.0 1.794E-15
  384.0 1.755E-15
  385.0 1.716E-15
  386.0 1.679E-15
  387.0 1.643E-15
  388.0 1.607E-15
  389.0 1.573E-15
  390.0 1.539E-15
  391.0 1.505E-15
  392.0 1.473E-15
  393.0 1.441E-15
  394.0 1.410E-15
  395.0 1.380E-15
  396.0 1.351E-15
  397.0 1.322E-15
  398.0 1.293E-15
  399.0 1.266E-15
  400.0 1.239E-15
  401.0 1.212E-15
  402.0 1.187E-15
  403.0 1.162E-15
  404.0 1.137E-15
  405.0 1.113E-15
  406.0 1.089E-15
  407.0 1.066E-15
  408.0 1.044E-15
  409.0 1.022E-15
  410.0 1.000E-15
  411.0 9.793E-16
  412.0 9.588E-16
  413.0 9.387E-16
  414.0 9.190E-16
  415.0 8.998E-16
  416.0 8.811E-16
  417.0 8.627E-16
  418.0 8.448E-16
  419.0 8.272E-16
  420.0 8.100E-16
  421.0 7.933E-16
  422.0 7.768E-16
  423.0 7.608E-16
  424.0 7.451E-16
  425.0 7.297E-16
  426.0 7.147E-16
  427.0 7.000E-16
  428.0 6.857E-16
  429.0 6.716E-16
  430.0 6.579E-16
  431.0 6.445E-16
  432.0 6.313E-16
  433.0 6.185E-16
  434.0 6.059E-16
  435.0 5.936E-16
  436.0 5.815E-16
  437.0 5.698E-16
  438.0 5.583E-16
  439.0 5.470E-16
  440.0 5.360E-16
  441.0 5.252E-16
  442.0 5.146E-16
  443.0 5.043E-16
  444.0 4.942E-16
  445.0 4.843E-16
  446.0 4.747E-16
  447.0 4.652E-16
  448.0 4.560E-16
  449.0 4.469E-16
  450.0 4.380E-16
  451.0 4.294E-16
  452.0 4.209E-16
  453.0 4.126E-16
  454.0 4.045E-16
  455.0 3.965E-16
  456.0 3.887E-16
  457.0 3.811E-16
  458.0 3.737E-16
  459.0 3.664E-16
  460.0 3.592E-16
  461.0 3.522E-16
  462.0 3.454E-16
  463.0 3.387E-16
  464.0 3.322E-16
  465.0 3.258E-16
  466.0 3.195E-16
  467.0 3.133E-16
  468.0 3.073E-16
  469.0 3.014E-16
  470.0 2.957E-16
  471.0 2.900E-16
  472.0 2.845E-16
  473.0 2.791E-16
  474.0 2.738E-16
  475.0 2.686E-16
  476.0 2.636E-16
  477.0 2.586E-16
  478.0 2.538E-16
  479.0 2.490E-16
  480.0 2.443E-16
  481.0 2.398E-16
  482.0 2.353E-16
  483.0 2.309E-16
  484.0 2.266E-16
  485.0 2.225E-16
  486.0 2.183E-16
  487.0 2.143E-16
  488.0 2.104E-16
  489.0 2.065E-16
  490.0 2.027E-16
  491.0 1.990E-16
  492.0 1.954E-16
  493.0 1.919E-16
  494.0 1.884E-16
  495.0 1.850E-16
  496.0 1.817E-16
  497.0 1.784E-16
  498.0 1.752E-16
  499.0 1.721E-16
  500.0 1.690E-16
  501.0 1.660E-16
  502.0 1.630E-16
  503.0 1.602E-16
  504.0 1.573E-16
  505.0 1.546E-16
  506.0 1.519E-16
  507.0 1.492E-16
  508.0 1.466E-16
  509.0 1.440E-16
  510.0 1.415E-16
  511.0 1.391E-16
  512.0 1.367E-16
  513.0 1.344E-16
  514.0 1.320E-16
  515.0 1.298E-16
  516.0 1.276E-16
  517.0 1.254E-16
  518.0 1.233E-16
  519.0 1.212E-16
  520.0 1.192E-16
  521.0 1.172E-16
  522.0 1.152E-16
  523.0 1.133E-16
  524.0 1.114E-16
  525.0 1.096E-16
  526.0 1.078E-16
  527.0 1.060E-16
  528.0 1.042E-16
  529.0 1.025E-16
  530.0 1.009E-16
  531.0 9.923E-17
  532.0 9.763E-17
  533.0 9.605E-17
  534.0 9.451E-17
  535.0 9.300E-17
  536.0 9.152E-17
  537.0 9.006E-17
  538.0 8.864E-17
  539.0 8.724E-17
  540.0 8.587E-17
  541.0 8.452E-17
  542.0 8.321E-17
  543.0 8.191E-17
  544.0 8.065E-17
  545.0 7.940E-17
  546.0 7.818E-17
  547.0 7.699E-17
  548.0 7.582E-17
  549.0 7.467E-17
  550.0 7.354E-17
  551.0 7.243E-17
  552.0 7.134E-17
  553.0 7.028E-17
  554.0 6.923E-17
  555.0 6.821E-17
  556.0 6.720E-17
  557.0 6.622E-17
  558.0 6.525E-17
  559.0 6.430E-17
  560.0 6.337E-17
  561.0 6.245E-17
  562.0 6.155E-17
  563.0 6.067E-17
  564.0 5.981E-17
  565.0 5.896E-17
  566.0 5.813E-17
  567.0 5.731E-17
  568.0 5.651E-17
  569.0 5.572E-17
  570.0 5.495E-17
  571.0 5.419E-17
  572.0 5.344E-17
  573.0 5.271E-17
  574.0 5.199E-17
  575.0 5.129E-17
  576.0 5.060E-17
  577.0 4.992E-17
  578.0 4.925E-17
  579.0 4.860E-17
  580.0 4.795E-17
  581.0 4.732E-17
  582.0 4.670E-17
  583.0 4.609E-17
  584.0 4.549E-17
  585.0 4.491E-17
  586.0 4.433E-17
  587.0 4.376E-17
  588.0 4.320E-17
  589.0 4.266E-17
  590.0 4.212E-17
  591.0 4.159E-17
  592.0 4.107E-17
  593.0 4.056E-17
  594.0 4.006E-17
  595.0 3.957E-17
  596.0 3.909E-17
  597.0 3.861E-17
  598.0 3.814E-17
  599.0 3.768E-17
  600.0 3.723E-17
  601.0 3.679E-17
  602.0 3.635E-17
  603.0 3.592E-17
  604.0 3.550E-17
  605.0 3.509E-17
  606.0 3.468E-17
  607.0 3.428E-17
  608.0 3.389E-17
  609.0 3.350E-17
  610.0 3.312E-17
  611.0 3.274E-17
  612.0 3.238E-17
  613.0 3.201E-17
  614.0 3.166E-17
  615.0 3.131E-17
  616.0 3.096E-17
  617.0 3.062E-17
  618.0 3.029E-17
  619.0 2.996E-17
  620.0 2.964E-17
  621.0 2.932E-17
  622.0 2.901E-17
  623.0 2.870E-17
  624.0 2.840E-17
  625.0 2.810E-17
  626.0 2.781E-17
  627.0 2.752E-17
  628.0 2.724E-17
  629.0 2.696E-17
  630.0 2.668E-17
  631.0 2.641E-17
  632.0 2.614E-17
  633.0 2.588E-17
  634.0 2.562E-17
  635.0 2.537E-17
  636.0 2.512E-17
  637.0 2.487E-17
  638.0 2.463E-17
  639.0 2.439E-17
  640.0 2.415E-17
  641.0 2.392E-17
  642.0 2.369E-17
  643.0 2.347E-17
  644.0 2.324E-17
  645.0 2.302E-17
  646.0 2.281E-17
  647.0 2.260E-17
  648.0 2.239E-17
  649.0 2.218E-17
  650.0 2.198E-17
  651.0 2.178E-17
  652.0 2.158E-17
  653.0 2.138E-17
  654.0 2.119E-17
  655.0 2.100E-17
  656.0 2.082E-17
  657.0 2.063E-17
  658.0 2.045E-17
  659.0 2.027E-17
  660.0 2.010E-17
  661.0 1.992E-17
  662.0 1.975E-17
  663.0 1.958E-17
  664.0 1.941E-17
  665.0 1.925E-17
  666.0 1.909E-17
  667.0 1.893E-17
  668.0 1.877E-17
  669.0 1.861E-17
  670.0 1.846E-17
  671.0 1.831E-17
  672.0 1.816E-17
  673.0 1.801E-17
  674.0 1.786E-17
  675.0 1.772E-17
  676.0 1.758E-17
  677.0 1.744E-17
  678.0 1.730E-17
  679.0 1.716E-17
  680.0 1.703E-17
  681.0 1.689E-17
  682.0 1.676E-17
  683.0 1.663E-17
  684.0 1.650E-17
  685.0 1.638E-17
  686.0 1.625E-17
  687.0 1.613E-17
  688.0 1.601E-17
  689.0 1.589E-17
  690.0 1.577E-17
  691.0 1.565E-17
  692.0 1.553E-17
  693.0 1.542E-17
  694.0 1.530E-17
  695.0 1.519E-17
  696.0 1.508E-17
  697.0 1.497E-17
  698.0 1.486E-17
  699.0 1.475E-17
  700.0 1.465E-17
  701.0 1.454E-17
  702.0 1.444E-17
  703.0 1.434E-17
  704.0 1.424E-17
  705.0 1.414E-17
  706.0 1.404E-17
  707.0 1.394E-17
  708.0 1.384E-17
  709.0 1.375E-17
  710.0 1.365E-17
  711.0 1.356E-17
  712.0 1.347E-17
  713.0 1.338E-17
  714.0 1.328E-17
  715.0 1.319E-17
  716.0 1.311E-17
  717.0 1.302E-17
  718.0 1.293E-17
  719.0 1.285E-17
  720.0 1.276E-17
  721.0 1.268E-17
  722.0 1.259E-17
  723.0 1.251E-17
  724.0 1.243E-17
  725.0 1.235E-17
  726.0 1.227E-17
  727.0 1.219E-17
  728.0 1.211E-17
  729.0 1.203E-17
  730.0 1.196E-17
  731.0 1.188E-17
  732.0 1.180E-17
  733.0 1.173E-17
  734.0 1.166E-17
  735.0 1.158E-17
  736.0 1.151E-17
  737.0 1.144E-17
  738.0 1.137E-17
  739.0 1.130E-17
  740.0 1.123E-17
  741.0 1.116E-17
  742.0 1.109E-17
  743.0 1.102E-17
  744.0 1.096E-17
  745.0 1.089E-17
  746.0 1.082E-17
  747.0 1.076E-17
  748.0 1.069E-17
  749.0 1.063E-17
  750.0 1.056E-17
  751.0 1.050E-17
  752.0 1.044E-17
  753.0 1.038E-17
  754.0 1.032E-17
  755.0 1.026E-17
  756.0 1.019E-17
  757.0 1.013E-17
  758.0 1.008E-17
  759.0 1.002E-17
  760.0 9.959E-18
  761.0 9.901E-18
  762.0 9.844E-18
  763.0 9.787E-18
  764.0 9.730E-18
  765.0 9.674E-18
  766.0 9.619E-18
  767.0 9.564E-18
  768.0 9.510E-18
  769.0 9.456E-18
  770.0 9.402E-18
  771.0 9.349E-18
  772.0 9.296E-18
  773.0 9.244E-18
  774.0 9.192E-18
  775.0 9.140E-18
  776.0 9.089E-18
  777.0 9.038E-18
  778.0 8.988E-18
  779.0 8.938E-18
  780.0 8.889E-18
  781.0 8.840E-18
  782.0 8.791E-18
  783.0 8.743E-18
  784.0 8.695E-18
  785.0 8.647E-18
  786.0 8.600E-18
  787.0 8.553E-18
  788.0 8.506E-18
  789.0 8.460E-18
  790.0 8.414E-18
  791.0 8.369E-18
  792.0 8.323E-18
  793.0 8.279E-18
  794.0 8.234E-18
  795.0 8.190E-18
  796.0 8.146E-18
  797.0 8.102E-18
  798.0 8.059E-18
  799.0 8.016E-18
  800.0 7.974E-18
  801.0 7.931E-18
  802.0 7.889E-18
  803.0 7.847E-18
  804.0 7.806E-18
  805.0 7.765E-18
  806.0 7.724E-18
  807.0 7.683E-18
  808.0 7.643E-18
  809.0 7.603E-18
  810.0 7.563E-18
  811.0 7.524E-18
  812.0 7.485E-18
  813.0 7.446E-18
  814.0 7.407E-18
  815.0 7.369E-18
  816.0 7.331E-18
  817.0 7.293E-18
  818.0 7.255E-18
  819.0 7.218E-18
  820.0 7.181E-18
  821.0 7.144E-18
  822.0 7.107E-18
  823.0 7.071E-18
  824.0 7.035E-18
  825.0 6.999E-18
  826.0 6.963E-18
  827.0 6.928E-18
  828.0 6.893E-18
  829.0 6.858E-18
  830.0 6.823E-18
  831.0 6.788E-18
  832.0 6.754E-18
  833.0 6.720E-18
  834.0 6.686E-18
  835.0 6.652E-18
  836.0 6.619E-18
  837.0 6.586E-18
  838.0 6.553E-18
  839.0 6.520E-18
  840.0 6.487E-18
  841.0 6.455E-18
  842.0 6.423E-18
  843.0 6.391E-18
  844.0 6.359E-18
  845.0 6.327E-18
  846.0 6.296E-18
  847.0 6.264E-18
  848.0 6.233E-18
  849.0 6.203E-18
  850.0 6.172E-18
  851.0 6.141E-18
  852.0 6.111E-18
  853.0 6.081E-18
  854.0 6.051E-18
  855.0 6.021E-18
  856.0 5.992E-18
  857.0 5.963E-18
  858.0 5.933E-18
  859.0 5.904E-18
  860.0 5.875E-18
  861.0 5.847E-18
  862.0 5.818E-18
  863.0 5.790E-18
  864.0 5.762E-18
  865.0 5.734E-18
  866.0 5.706E-18
  867.0 5.678E-18
  868.0 5.651E-18
  869.0 5.623E-18
  870.0 5.596E-18
  871.0 5.569E-18
  872.0 5.542E-18
  873.0 5.515E-18
  874.0 5.489E-18
  875.0 5.462E-18
  876.0 5.436E-18
  877.0 5.410E-18
  878.0 5.384E-18
  879.0 5.358E-18
  880.0 5.332E-18
  881.0 5.307E-18
  882.0 5.281E-18
  883.0 5.256E-18
  884.0 5.231E-18
  885.0 5.206E-18
  886.0 5.181E-18
  887.0 5.157E-18
  888.0 5.132E-18
  889.0 5.108E-18
  890.0 5.083E-18
  891.0 5.059E-18
  892.0 5.035E-18
  893.0 5.011E-18
  894.0 4.988E-18
  895.0 4.964E-18
  896.0 4.940E-18
  897.0 4.917E-18
  898.0 4.894E-18
  899.0 4.871E-18
  900.0 4.848E-18
  901.0 4.825E-18
  902.0 4.802E-18
  903.0 4.780E-18
  904.0 4.757E-18
  905.0 4.735E-18
  906.0 4.713E-18
  907.0 4.691E-18
  908.0 4.669E-18
  909.0 4.647E-18
  910.0 4.625E-18
  911.0 4.603E-18
  912.0 4.582E-18
  913.0 4.560E-18
  914.0 4.539E-18
  915.0 4.518E-18
  916.0 4.497E-18
  917.0 4.476E-18
  918.0 4.455E-18
  919.0 4.434E-18
  920.0 4.414E-18
  921.0 4.393E-18
  922.0 4.373E-18
  923.0 4.353E-18
  924.0 4.333E-18
  925.0 4.312E-18
  926.0 4.292E-18
  927.0 4.273E-18
  928.0 4.253E-18
  929.0 4.233E-18
  930.0 4.214E-18
  931.0 4.194E-18
  932.0 4.175E-18
  933.0 4.156E-18
  934.0 4.137E-18
  935.0 4.118E-18
  936.0 4.099E-18
  937.0 4.080E-18
  938.0 4.061E-18
  939.0 4.042E-18
  940.0 4.024E-18
  941.0 4.005E-18
  942.0 3.987E-18
  943.0 3.969E-18
  944.0 3.951E-18
  945.0 3.933E-18
  946.0 3.915E-18
  947.0 3.897E-18
  948.0 3.879E-18
  949.0 3.861E-18
  950.0 3.844E-18
  951.0 3.826E-18
  952.0 3.809E-18
  953.0 3.791E-18
  954.0 3.774E-18
  955.0 3.757E-18
  956.0 3.740E-18
  957.0 3.723E-18
  958.0 3.706E-18
  959.0 3.689E-18
  960.0 3.672E-18
  961.0 3.656E-18
  962.0 3.639E-18
  963.0 3.623E-18
  964.0 3.606E-18
  965.0 3.590E-18
  966.0 3.574E-18
  967.0 3.558E-18
  968.0 3.542E-18
  969.0 3.526E-18
  970.0 3.510E-18
  971.0 3.494E-18
  972.0 3.478E-18
  973.0 3.463E-18
  974.0 3.447E-18
  975.0 3.432E-18
  976.0 3.416E-18
  977.0 3.401E-18
  978.0 3.385E-18
  979.0 3.370E-18
  980.0 3.355E-18
  981.0 3.340E-18
  982.0 3.325E-18
  983.0 3.310E-18
  984.0 3.295E-18
  985.0 3.281E-18
  986.0 3.266E-18
  987.0 3.251E-18
  988.0 3.237E-18
  989.0 3.223E-18
  990.0 3.208E-18
  991.0 3.194E-18
  992.0 3.180E-18
  993.0 3.165E-18
  994.0 3.151E-18
  995.0 3.137E-18
  996.0 3.123E-18
  997.0 3.109E-18
  998.0 3.096E-18
  999.0 3.082E-18